1 1 3 2 'Coca-Cola' 3 5
2 1 1 2 'Cerveja' 3 5
3 1 2 2 'Cuba' 1 20
4 2 4 2 'Fanta' 2 5
5 2 5 2 'Pastel' 2 10
6 3 6 2 'Cachorro-Quente' 3 10
7 3 3 2 'Coca-Cola' 3 15
8 10 1 3 'Cerveja' 1 5
9 10 2 3 'Cuba' 2 20
10 10 5 1 'Pastel' 5 10
11 10 4 1 'Fanta' 1 5
12 11 2 1 'Cuba' 2 20
13 11 3 1 'Coca-Cola' 3 5
14 11 4 1 'Fanta' 4 5
15 12 1 1 'Cerveja' 1 5.000000
16 12 2 1 'Cuba' 2 20.000000
17 14 1 1 'Cerveja' 5 5.000000
18 15 1 1 'Cerveja' 12 5.000000
19 15 2 1 'Cuba' 22 20.000000
20 16 1 1 'Cerveja' 2 5.000000
21 16 2 1 'Cuba' 2 20.000000
22 16 3 1 'Coca-Cola' 3 5.000000
23 17 1 5 'Cerveja' 2 5.000000
24 18 1 1 'Cerveja' 1 5.000000
25 19 1 1 'Cerveja' 2 5.000000
26 20 2 1 'Cuba' 2 20.000000
27 21 1 1 'Cerveja' 5 5.000000
28 22 5 1 'Pastel' 30 10.000000
29 23 3 1 'Coca-Cola' 100 5.000000
30 24 2 1 'Cuba' 10 20.000000
31 25 1 1 'Cerveja' 5 5.000000
32 26 1 1 'Cerveja' 5 5.000000
33 27 4 1 'Fanta' 5 5.000000
34 28 3 1 'Coca-Cola' 50 5.000000
35 29 1 1 'Cerveja' 5 5.000000
36 30 1 1 'Cerveja' 7 5.000000
37 31 1 1 'Cerveja' 5 5.000000
38 32 1 1 'Cerveja' 1 5.000000
39 32 2 1 'Cuba' 1 20.000000
40 32 3 1 'Coca-Cola' 1 5.000000
41 32 4 1 'Fanta' 1 5.000000
42 32 5 1 'Pastel' 1 10.000000
43 32 6 1 'Cachorro-Quente' 1 10.000000
44 32 7 1 'X-Salada' 1 15.000000
45 32 8 1 'teste' 1 11.000000
46 32 9 1 'teste' 1 11.000000
47 32 10 1 'Sopa' 1 10.000000
48 32 11 1 'Canja' 1 15.000000
49 32 12 1 '12' 1 12.000000
50 32 15 1 'qwe' 1 0.000000
51 33 1 1 'Cerveja' 1 5.000000
52 34 1 1 'Cerveja' 17 5.000000
53 34 2 1 'Cuba' 2 20.000000
54 34 5 1 'Pastel' 1 10.000000
55 34 9 1 'teste' 7 11.000000
56 35 1 1 'Cerveja' 5 5.000000
57 35 5 1 'Pastel' 5 10.000000
58 36 1 1 'Cerveja' 2 5.000000
59 36 5 1 'Pastel' 3 10.000000
60 37 5 1 'Pastel' 2 10.000000
61 38 5 1 'Pastel' 5 10.000000
